142
193
72
293
179
47
461
412
192
162
404
372
446
393
435
515
178
432
465
58
332
165
284
194
281
21
364
477
397
149
308
383
393
305
173
210
357
308
225
21
222
176
235
415
408
403
92
470
406
513
318
26
462
294
230
258
362
68
86
227
430
206
417
287
323
88
411
180
465
391
429
414
435
237
322
321
190
339
329
131
420
355
320
19
39
404
275
327
439
282
466
235
352
27
81
57
465
217
41
255
351
196
92
132
339
3
242
445
462
78
448
1
264
69
204
263
427
336
378
180
48
372
10
262
402
266
261
100
353
452
175
231
252
339
450
477
225
129
306
449
127
458
286
214
49
370
237
55
181
451
192
167
303
57
287
342
413
299
469
362
424
285
105
15
134
269
400
274
311
180
458
311
27
173
377
163
236
435
443
239
31
356
374
89
446
234
128
135
342
34
371
92
432
284
258
230
298
351
407
438
142
174
467
372
118
143
277
371
234
440
264
126
165
402
251
384
335
327
186
230
86
304
408
381
429
264
384
133
480
288
134
447
442
318
444
317
336
168
382
399
381
7
231
360
436
18
458
269
184
367
378
294
294
243
228
417
346
88
297
135
100
391
446
482
401
56
174
363
378
257
104
273
358
351
132
450
413
346
447
190
441
343
303
316
395
168
214
345
380
488
417
330
84
108
408
160
447
248
429
384
432
169
375
417
284
483
423
171
452
355
193
321
383
214
401
130
8
329
423
326
362
300
407
383
157
245
243
229
363
219
279
444
285
364
267
441
327
266
327
276
111
441
479
223
381
399
336
138
204
360
137
357
133
277
372
468
268
399
269
320
318
285
423
357
276
144
342
447
247
312
430
472
358
370
202
423
256
390
421
533
369
263
149
334
495
205
343
365
453
249
379
258
124
322
363
414
339
468
327
376
185
43
402
247
466
211
364
45
327
228
270
457
199
44
132
203
294
376
324
205
40
240
384
56
256
214
505
345
371
237
435
289
331
465
271
164
208
204
393
316
263
327
394
480
465
234
441
207
377
444
514
38
444
349
314
240
16
278
201
316
315
348
393
474
366
41
283
283
288
391
388
445
256
182
322
252
444
226
432
320
311
492
360
257
422
441
323
304
423
260
339
82
52
392
339
383
22
496
395
222
333
220
103
477
242
193
441
345
195
19
396
480
234
202
133
310
354
377
385
394
201
227
236
473
451
186
321
63
467
441
201
423
255
129
331
219
277
413
446
387
405
357
58
92
239
32
190
429
353
288
331
392
242
321
375
162
72
259
12
379
345
192
8
484
430
474
265
265
289
380
357
114
444
450
294
434
217
265
261
489
194
216
435
388
422
465
195
331
113
220
285
212
366
161
424
482
426
398
87
226
360
417
460
448
329
135
346
117
342
318
261
487
270
198
265
213
218
127
439
285
127
293
175
111
277
180
301
498
280
173
210
230
372
142
444
24
422
473
402
276
180
234
395
194
297
325
411
440
390
440
448
344
360
394
274
4
441
374
485
477
279
339
68
264
424
465
302
90
210
357
379
432
328
55
303
163
291
222
389
319
314
408
423
489
379
452
386
208
69
335
231
117
479
236
195
467
393
271
7
243
365
93
194
36
251
302
354
156
392
328
427
201
423
377
424
379
462
419
442
351
450
339
135
311
428
390
81
469
450
232
134
391
404
352
390
408
423
40
274
286
223
387
129
454
430
165
151
337
267
444
74
201
410
458
439
234
420
204
198
382
435
522
174
423
394
419
388
444
231
347
156
299
312
378
186
166
35
474
144
298
277
191
435
154
149
380
315
336
76
166
461
150
437
412
423
302
116
373
402
268
458
116
362
371
158
338
345
354
326
378
440
335
228
356
170
325
377
348
453
201
327
186
419
451
467
330
345
215
379
319
402
316
207
414
296
110
12
286
223
181
261
232
462
469
330
263
437
200
0
418
231
420
441
171
157
303
423
67
472
125
102
283
473
318
139
429
291
300
460
416
419
377
186
107
263
360
126
371
426
373
156
291
71
434
316
20
347
366
399
246
318
360
372
432
153
423
199
118
391
426
450
319
445
300
453
188
334
65
384
233
384
159
195
33
379
438
420
372
355
190
388
321
363
355
58
267
428
414
400
450
350
420
342
343
256
435
497
433
345
423
257
398
291
264
370
496
244
72
43
440
354
338
285
201
439
285
408
398
357
366
462
3
250
353
390
318
392
325
307
238
48
325
309
32
32
146
419
234
413
169
21
417
493
390
109
450
27
299
270
48
95
350
428
400
426
324
409
81
430
295